15
171
272
271
169
83
280
230
105
211
233
279
228
145
242
40
222
118
137
221
188
37
135
3
84
199
146
35
42
310
36
32
232
266
100
144
47
247
161
73
234
107
281
20
187
18
160
194
148
209
82
263
58
265
152
62
129
24
253
26
219
250
111
59
297
294
257
305
167
128
103
229
260
216
246
255
237
2
198
49
300
177
180
212
218
19
239
192
306
197
264
64
124
0
159
215
106
98
175
77
299
251
76
29
7
90
248
301
92
87
113
153
284
61
69
65
241
72
6
79
227
208
99
154
244
51
288
46
213
116
217
277
132
223
206
203
165
139
205
262
170
235
195
267
70
168
88
31
157
45
136
50
190
189
269
179
303
38
123
287
140
201
238
60
52
89
33
275
283
12
181
66
130
95
178
21
142
312
292
143
193
155
48
78
80
176
173
17
133
302
13
295
97
196
151
164
158
191
81
122
41
86
270
172
22
273
71
44
96
254
236
291
184
308
289
261
314
109
127
134
256
56
104
214
74
207
57
121
115
93
101
210
94
14
202
186
119
126
30
226
166
290
150
245
252
53
141
268
112
183
204
5
114
11
55
147
10
85
182
311
231
68
43
120
23
63
286
224
110
298
309
276
39
34
243
108
200
75
185
102
220
67
163
274
259
131
25
296
16
282
174
249
117
91
125
4
293
149
162
8
307
304
285
1
313
278
54
225
9
240
258
138
27
28
156
